  1  2
  1.11765  2
  0.882353  2
  1.23529  2
  0.764706  2
  1.35294  2
  0.647059  2
  1.47059  2
  0.529412  2
  1.58824  2
  0.411765  2
  1.70588  2
  0.294118  2
  1.82353  2
  0.176471  2
  1.94118  2
  0.0588235  2
  2.05882  2
  -0.0588235  2
  2.17647  2
  -0.176471  2
  2.29412  2
  -0.294118  2
  2.41176  2
  -0.411765  2
  2.52941  2
  -0.529412  2
  2.64706  2
  -0.647059  2
  2.76471  2
  -0.764706  2
  2.88235  2
  -0.882353  2
  3  2
  -1  2
  1  2.11765
  1  1.88235
  1.11765  2.11765
  0.882353  2.11765
  1.11765  1.88235
  0.882353  1.88235
  1.23529  2.11765
  0.764706  2.11765
  1.23529  1.88235
  0.764706  1.88235
  1.35294  2.11765
  0.647059  2.11765
  1.35294  1.88235
  0.647059  1.88235
  1.47059  2.11765
  0.529412  2.11765
  1.47059  1.88235
  0.529412  1.88235
  1.58824  2.11765
  0.411765  2.11765
  1.58824  1.88235
  0.411765  1.88235
  1.70588  2.11765
  0.294118  2.11765
  1.70588  1.88235
  0.294118  1.88235
  1.82353  2.11765
  0.176471  2.11765
  1.82353  1.88235
  0.176471  1.88235
  1.94118  2.11765
  0.0588235  2.11765
  1.94118  1.88235
  0.0588235  1.88235
  2.05882  2.11765
  -0.0588235  2.11765
  2.05882  1.88235
  -0.0588235  1.88235
  2.17647  2.11765
  -0.176471  2.11765
  2.17647  1.88235
  -0.176471  1.88235
  2.29412  2.11765
  -0.294118  2.11765
  2.29412  1.88235
  -0.294118  1.88235
  2.41176  2.11765
  -0.411765  2.11765
  2.41176  1.88235
  -0.411765  1.88235
  2.52941  2.11765
  -0.529412  2.11765
  2.52941  1.88235
  -0.529412  1.88235
  2.64706  2.11765
  -0.647059  2.11765
  2.64706  1.88235
  -0.647059  1.88235
  2.76471  2.11765
  -0.764706  2.11765
  2.76471  1.88235
  -0.764706  1.88235
  2.88235  2.11765
  -0.882353  2.11765
  2.88235  1.88235
  -0.882353  1.88235
  1  2.23529
  1  1.76471
  1.11765  2.23529
  0.882353  2.23529
  1.11765  1.76471
  0.882353  1.76471
  1.23529  2.23529
  0.764706  2.23529
  1.23529  1.76471
  0.764706  1.76471
  1.35294  2.23529
  0.647059  2.23529
  1.35294  1.76471
  0.647059  1.76471
  1.47059  2.23529
  0.529412  2.23529
  1.47059  1.76471
  0.529412  1.76471
  1.58824  2.23529
  0.411765  2.23529
  1.58824  1.76471
  0.411765  1.76471
  1.70588  2.23529
  0.294118  2.23529
  1.70588  1.76471
  0.294118  1.76471
  1.82353  2.23529
  0.176471  2.23529
  1.82353  1.76471
  0.176471  1.76471
  1.94118  2.23529
  0.0588235  2.23529
  1.94118  1.76471
  0.0588235  1.76471
  2.05882  2.23529
  -0.0588235  2.23529
  2.05882  1.76471
  -0.0588235  1.76471
  2.17647  2.23529
  -0.176471  2.23529
  2.17647  1.76471
  -0.176471  1.76471
  2.29412  2.23529
  -0.294118  2.23529
  2.29412  1.76471
  -0.294118  1.76471
  2.41176  2.23529
  -0.411765  2.23529
  2.41176  1.76471
  -0.411765  1.76471
  2.52941  2.23529
  -0.529412  2.23529
  2.52941  1.76471
  -0.529412  1.76471
  2.64706  2.23529
  -0.647059  2.23529
  2.64706  1.76471
  -0.647059  1.76471
  2.76471  2.23529
  -0.764706  2.23529
  2.76471  1.76471
  -0.764706  1.76471
  2.88235  2.23529
  -0.882353  2.23529
  2.88235  1.76471
  -0.882353  1.76471
  1  2.35294
  1  1.64706
  1.11765  2.35294
  0.882353  2.35294
  1.11765  1.64706
  0.882353  1.64706
  1.23529  2.35294
  0.764706  2.35294
  1.23529  1.64706
  0.764706  1.64706
  1.35294  2.35294
  0.647059  2.35294
  1.35294  1.64706
  0.647059  1.64706
  1.47059  2.35294
  0.529412  2.35294
  1.47059  1.64706
  0.529412  1.64706
  1.58824  2.35294
  0.411765  2.35294
  1.58824  1.64706
  0.411765  1.64706
  1.70588  2.35294
  0.294118  2.35294
  1.70588  1.64706
  0.294118  1.64706
  1.82353  2.35294
  0.176471  2.35294
  1.82353  1.64706
  0.176471  1.64706
  1.94118  2.35294
  0.0588235  2.35294
  1.94118  1.64706
  0.0588235  1.64706
  2.05882  2.35294
  -0.0588235  2.35294
  2.05882  1.64706
  -0.0588235  1.64706
  2.17647  2.35294
  -0.176471  2.35294
  2.17647  1.64706
  -0.176471  1.64706
  2.29412  2.35294
  -0.294118  2.35294
  2.29412  1.64706
  -0.294118  1.64706
  2.41176  2.35294
  -0.411765  2.35294
  2.41176  1.64706
  -0.411765  1.64706
  2.52941  2.35294
  -0.529412  2.35294
  2.52941  1.64706
  -0.529412  1.64706
  2.64706  2.35294
  -0.647059  2.35294
  2.64706  1.64706
  -0.647059  1.64706
  2.76471  2.35294
  -0.764706  2.35294
  2.76471  1.64706
  -0.764706  1.64706
  1  2.47059
  1  1.52941
  1.11765  2.47059
  0.882353  2.47059
  1.11765  1.52941
  0.882353  1.52941
  1.23529  2.47059
  0.764706  2.47059
  1.23529  1.52941
  0.764706  1.52941
  1.35294  2.47059
  0.647059  2.47059
  1.35294  1.52941
  0.647059  1.52941
  1.47059  2.47059
  0.529412  2.47059
  1.47059  1.52941
  0.529412  1.52941
  1.58824  2.47059
  0.411765  2.47059
  1.58824  1.52941
  0.411765  1.52941
  1.70588  2.47059
  0.294118  2.47059
  1.70588  1.52941
  0.294118  1.52941
  1.82353  2.47059
  0.176471  2.47059
  1.82353  1.52941
  0.176471  1.52941
  1.94118  2.47059
  0.0588235  2.47059
  1.94118  1.52941
  0.0588235  1.52941
  2.05882  2.47059
  -0.0588235  2.47059
  2.05882  1.52941
  -0.0588235  1.52941
  2.17647  2.47059
  -0.176471  2.47059
  2.17647  1.52941
  -0.176471  1.52941
  2.29412  2.47059
  -0.294118  2.47059
  2.29412  1.52941
  -0.294118  1.52941
  2.41176  2.47059
  -0.411765  2.47059
  2.41176  1.52941
  -0.411765  1.52941
  2.52941  2.47059
  -0.529412  2.47059
  2.52941  1.52941
  -0.529412  1.52941
  2.64706  2.47059
  -0.647059  2.47059
  2.64706  1.52941
  -0.647059  1.52941
  2.76471  2.47059
  -0.764706  2.47059
  2.76471  1.52941
  -0.764706  1.52941
  1  2.58824
  1  1.41176
  1.11765  2.58824
  0.882353  2.58824
  1.11765  1.41176
  0.882353  1.41176
  1.23529  2.58824
  0.764706  2.58824
  1.23529  1.41176
  0.764706  1.41176
  1.35294  2.58824
  0.647059  2.58824
  1.35294  1.41176
  0.647059  1.41176
  1.47059  2.58824
  0.529412  2.58824
  1.47059  1.41176
  0.529412  1.41176
  1.58824  2.58824
  0.411765  2.58824
  1.58824  1.41176
  0.411765  1.41176
  1.70588  2.58824
  0.294118  2.58824
  1.70588  1.41176
  0.294118  1.41176
  1.82353  2.58824
  0.176471  2.58824
  1.82353  1.41176
  0.176471  1.41176
  1.94118  2.58824
  0.0588235  2.58824
  1.94118  1.41176
  0.0588235  1.41176
  2.05882  2.58824
  -0.0588235  2.58824
  2.05882  1.41176
  -0.0588235  1.41176
  2.17647  2.58824
  -0.176471  2.58824
  2.17647  1.41176
  -0.176471  1.41176
  2.29412  2.58824
  -0.294118  2.58824
  2.29412  1.41176
  -0.294118  1.41176
  2.41176  2.58824
  -0.411765  2.58824
  2.41176  1.41176
  -0.411765  1.41176
  2.52941  2.58824
  -0.529412  2.58824
  2.52941  1.41176
  -0.529412  1.41176
  1  2.70588
  1  1.29412
  1.11765  2.70588
  0.882353  2.70588
  1.11765  1.29412
  0.882353  1.29412
  1.23529  2.70588
  0.764706  2.70588
  1.23529  1.29412
  0.764706  1.29412
  1.35294  2.70588
  0.647059  2.70588
  1.35294  1.29412
  0.647059  1.29412
  1.47059  2.70588
  0.529412  2.70588
  1.47059  1.29412
  0.529412  1.29412
  1.58824  2.70588
  0.411765  2.70588
  1.58824  1.29412
  0.411765  1.29412
  1.70588  2.70588
  0.294118  2.70588
  1.70588  1.29412
  0.294118  1.29412
  1.82353  2.70588
  0.176471  2.70588
  1.82353  1.29412
  0.176471  1.29412
  1.94118  2.70588
  0.0588235  2.70588
  1.94118  1.29412
  0.0588235  1.29412
  2.05882  2.70588
  -0.0588235  2.70588
  2.05882  1.29412
  -0.0588235  1.29412
  2.17647  2.70588
  -0.176471  2.70588
  2.17647  1.29412
  -0.176471  1.29412
  2.29412  2.70588
  -0.294118  2.70588
  2.29412  1.29412
  -0.294118  1.29412
  2.41176  2.70588
  -0.411765  2.70588
  2.41176  1.29412
  -0.411765  1.29412
  1  2.82353
  1  1.17647
  1.11765  2.82353
  0.882353  2.82353
  1.11765  1.17647
  0.882353  1.17647
  1.23529  2.82353
  0.764706  2.82353
  1.23529  1.17647
  0.764706  1.17647
  1.35294  2.82353
  0.647059  2.82353
  1.35294  1.17647
  0.647059  1.17647
  1.47059  2.82353
  0.529412  2.82353
  1.47059  1.17647
  0.529412  1.17647
  1.58824  2.82353
  0.411765  2.82353
  1.58824  1.17647
  0.411765  1.17647
  1.70588  2.82353
  0.294118  2.82353
  1.70588  1.17647
  0.294118  1.17647
  1.82353  2.82353
  0.176471  2.82353
  1.82353  1.17647
  0.176471  1.17647
  1.94118  2.82353
  0.0588235  2.82353
  1.94118  1.17647
  0.0588235  1.17647
  2.05882  2.82353
  -0.0588235  2.82353
  2.05882  1.17647
  -0.0588235  1.17647
  1  2.94118
  1  1.05882
  1.11765  2.94118
  0.882353  2.94118
  1.11765  1.05882
  0.882353  1.05882
  1.23529  2.94118
  0.764706  2.94118
  1.23529  1.05882
  0.764706  1.05882
  1.35294  2.94118
  0.647059  2.94118
  1.35294  1.05882
  0.647059  1.05882
  1.47059  2.94118
  0.529412  2.94118
  1.47059  1.05882
  0.529412  1.05882
  1.58824  2.94118
  0.411765  2.94118
  1.58824  1.05882
  0.411765  1.05882
