  1.75  2.25
  1.64286  2.07143
  1.53571  1.89286
  1.42857  1.71429
  1.32143  1.53571
  1.21429  1.35714
  1.10714  1.17857
  1  1
  1.53571  1.89286
  1.42857  1.71429
  1.32143  1.53571
  1.21429  1.35714
  1.10714  1.17857
  1  1
  1.42857  1.71429
  1.32143  1.53571
  1.21429  1.35714
  1.10714  1.17857
  1  1
  1.32143  1.53571
  1.21429  1.35714
  1.10714  1.17857
  1  1
  1.21429  1.35714
  1.10714  1.17857
  1  1
  1.10714  1.17857
  1  1
  1  1
  1.78571  1.92857
  1.82143  1.60714
  1.85714  1.28571
  1.89286  0.964286
  1.92857  0.642857
  1.96429  0.321429
  2  0
  1.82143  1.60714
  1.85714  1.28571
  1.89286  0.964286
  1.92857  0.642857
  1.96429  0.321429
  2  0
  1.85714  1.28571
  1.89286  0.964286
  1.92857  0.642857
  1.96429  0.321429
  2  0
  1.89286  0.964286
  1.92857  0.642857
  1.96429  0.321429
  2  0
  1.92857  0.642857
  1.96429  0.321429
  2  0
  1.96429  0.321429
  2  0
  2  0
  2.07143  2.35714
  2.39286  2.46429
  2.71429  2.57143
  3.03571  2.67857
  3.35714  2.78571
  3.67857  2.89286
  4  3
  2.39286  2.46429
  2.71429  2.57143
  3.03571  2.67857
  3.35714  2.78571
  3.67857  2.89286
  4  3
  2.71429  2.57143
  3.03571  2.67857
  3.35714  2.78571
  3.67857  2.89286
  4  3
  3.03571  2.67857
  3.35714  2.78571
  3.67857  2.89286
  4  3
  3.35714  2.78571
  3.67857  2.89286
  4  3
  3.67857  2.89286
  4  3
  4  3
  1.5  2.64286
  1.25  3.03571
  1  3.42857
  0.75  3.82143
  0.5  4.21429
  0.25  4.60714
  0  5
  1.25  3.03571
  1  3.42857
  0.75  3.82143
  0.5  4.21429
  0.25  4.60714
  0  5
  1  3.42857
  0.75  3.82143
  0.5  4.21429
  0.25  4.60714
  0  5
  0.75  3.82143
  0.5  4.21429
  0.25  4.60714
  0  5
  0.5  4.21429
  0.25  4.60714
  0  5
  0.25  4.60714
  0  5
  0  5
