  0.5  0.288675
  0.4  0.23094
  0.3  0.173205
  0.2  0.11547
  0.1  0.057735
  0  0
  0.3  0.173205
  0.2  0.11547
  0.1  0.057735
  0  0
  0.2  0.11547
  0.1  0.057735
  0  0
  0.1  0.057735
  0  0
  0  0
  0.6  0.23094
  0.7  0.173205
  0.8  0.11547
  0.9  0.057735
  1  0
  0.7  0.173205
  0.8  0.11547
  0.9  0.057735
  1  0
  0.8  0.11547
  0.9  0.057735
  1  0
  0.9  0.057735
  1  0
  1  0
  0.5  0.404145
  0.5  0.519615
  0.5  0.635085
  0.5  0.750555
  0.5  0.866025
  0.5  0.519615
  0.5  0.635085
  0.5  0.750555
  0.5  0.866025
  0.5  0.635085
  0.5  0.750555
  0.5  0.866025
  0.5  0.750555
  0.5  0.866025
  0.5  0.866025
