  0.5  0.866025
  0.533333  0.80829
  0.566667  0.750555
  0.6  0.69282
  0.633333  0.635085
  0.666667  0.57735
  0.7  0.519615
  0.733333  0.46188
  0.766667  0.404145
  0.8  0.34641
  0.833333  0.288675
  0.866667  0.23094
  0.9  0.173205
  0.933333  0.11547
  0.966667  0.057735
  1  0
  0.466667  0.80829
  0.5  0.750555
  0.533333  0.69282
  0.566667  0.635085
  0.6  0.57735
  0.633333  0.519615
  0.666667  0.46188
  0.7  0.404145
  0.733333  0.34641
  0.766667  0.288675
  0.8  0.23094
  0.833333  0.173205
  0.866667  0.11547
  0.9  0.057735
  0.933333  0
  0.433333  0.750555
  0.466667  0.69282
  0.5  0.635085
  0.533333  0.57735
  0.566667  0.519615
  0.6  0.46188
  0.633333  0.404145
  0.666667  0.34641
  0.7  0.288675
  0.733333  0.23094
  0.766667  0.173205
  0.8  0.11547
  0.833333  0.057735
  0.866667  0
  0.4  0.69282
  0.433333  0.635085
  0.466667  0.57735
  0.5  0.519615
  0.533333  0.46188
  0.566667  0.404145
  0.6  0.34641
  0.633333  0.288675
  0.666667  0.23094
  0.7  0.173205
  0.733333  0.11547
  0.766667  0.057735
  0.8  0
  0.366667  0.635085
  0.4  0.57735
  0.433333  0.519615
  0.466667  0.46188
  0.5  0.404145
  0.533333  0.34641
  0.566667  0.288675
  0.6  0.23094
  0.633333  0.173205
  0.666667  0.11547
  0.7  0.057735
  0.733333  0
  0.333333  0.57735
  0.366667  0.519615
  0.4  0.46188
  0.433333  0.404145
  0.466667  0.34641
  0.5  0.288675
  0.533333  0.23094
  0.566667  0.173205
  0.6  0.11547
  0.633333  0.057735
  0.666667  0
  0.3  0.519615
  0.333333  0.46188
  0.366667  0.404145
  0.4  0.34641
  0.433333  0.288675
  0.466667  0.23094
  0.5  0.173205
  0.533333  0.11547
  0.566667  0.057735
  0.6  0
  0.266667  0.46188
  0.3  0.404145
  0.333333  0.34641
  0.366667  0.288675
  0.4  0.23094
  0.433333  0.173205
  0.466667  0.11547
  0.5  0.057735
  0.533333  0
  0.233333  0.404145
  0.266667  0.34641
  0.3  0.288675
  0.333333  0.23094
  0.366667  0.173205
  0.4  0.11547
  0.433333  0.057735
  0.466667  0
  0.2  0.34641
  0.233333  0.288675
  0.266667  0.23094
  0.3  0.173205
  0.333333  0.11547
  0.366667  0.057735
  0.4  0
  0.166667  0.288675
  0.2  0.23094
  0.233333  0.173205
  0.266667  0.11547
  0.3  0.057735
  0.333333  0
  0.133333  0.23094
  0.166667  0.173205
  0.2  0.11547
  0.233333  0.057735
  0.266667  0
  0.1  0.173205
  0.133333  0.11547
  0.166667  0.057735
  0.2  0
  0.0666667  0.11547
  0.1  0.057735
  0.133333  0
  0.0333333  0.057735
  0.0666667  0
  0  0
